-4.118699790369929059e-01
-3.527540360601622016e-01
2.176154922292417102e-04
9.607996432761592431e-02
3.044814305648155597e-02
-6.473723942432346723e-01
-2.589545223547963237e-01
4.175945491622408690e-01
2.783105551789772638e-04
4.033221346166494234e-05
9.893404306485367727e-02
-2.466819209783462363e-01
2.523232872728113771e-04
-9.606164120728828693e-02
3.645885813579072265e-01
1.450273089765841961e-01
-7.572982706397095309e-02
-2.228462366720680987e-01
2.798175941234087491e-04
2.499947556958446245e-04
5.692329287507286173e-01
2.371549278299291408e-01
4.319492742323466502e-05
-2.387146256316145243e-01
-3.804024269890143306e-01
7.032610552737569853e-02
3.398578525537133133e-01
1.022005565403362043e-01
3.106213249429869665e-05
1.510721708548117773e-04
-2.558376916114921684e-01
3.629127496698217326e-01
4.806789946322455651e-05
2.393558417183789810e-01
-1.421029229506274964e-02
4.326124579605995502e-01
-4.987639976533779496e-03
-2.961325498244524179e-01
2.355511388440930374e-04
6.728511021174405031e-06
